Start_UU
-0.01750684343278408	-0.00034728541504591703	0.013967528939247131	0.021467071026563644	0.02754252776503563	0.031452812254428864	0.03371692821383476	0.042049869894981384	0.05620383843779564	0.07170870155096054	0.08650259673595428	0.1012265682220459	0.1110774576663971	0.11541938036680222	0.1139848455786705	0.10013142973184586	0.07753950357437134	0.05439618229866028	0.030701028183102608	0.006981235463172197	-0.013576161116361618	-0.02681135945022106	-0.03306055814027786	-0.041348569095134735	-0.04537073150277138	-0.04537799581885338	-0.04727701097726822	-0.057229090481996536	-0.07734152674674988	
-0.019438445568084717	-0.007018550764769316	0.003945237025618553	0.013456207700073719	0.014338227920234203	0.007990086451172829	0.010959688574075699	0.02944783680140972	0.047017697244882584	0.05562613531947136	0.05667123571038246	0.05435232073068619	0.061756499111652374	0.06997101753950119	0.06508329510688782	0.042387548834085464	0.016892768442630768	-0.0017176630208268762	-0.019153984263539314	-0.03389788046479225	-0.04660870507359505	-0.053166791796684265	-0.05828472599387169	-0.06444056332111359	-0.06478182971477509	-0.06685294955968857	-0.07471060007810593	-0.0914507582783699	-0.10842344164848328	
-0.018692025914788246	-0.008108409121632576	0.0004342065076343715	0.002372811082750559	-0.011558270081877708	-0.01858147419989109	-0.005205430556088686	0.007987271063029766	0.0067038885317742825	0.0002960199781227857	-0.0012947750510647893	0.00467395456507802	0.016250794753432274	0.0208163820207119	0.004128387663513422	-0.019107013940811157	-0.034866999834775925	-0.044760219752788544	-0.056433241814374924	-0.06617007404565811	-0.06904858350753784	-0.0703769251704216	-0.07497300952672958	-0.07800929248332977	-0.07996813207864761	-0.08825720846652985	-0.10266934335231781	-0.11803565919399261	-0.13268323242664337	
-0.016238562762737274	-0.010819067247211933	-0.009423707611858845	-0.023150742053985596	-0.04322376847267151	-0.0416555218398571	-0.029072150588035583	-0.03647083416581154	-0.047253359109163284	-0.04628816992044449	-0.03684866428375244	-0.02538827434182167	-0.02281254529953003	-0.034031838178634644	-0.04819541424512863	-0.05743316933512688	-0.06329406052827835	-0.07112398743629456	-0.0813995748758316	-0.08636397868394852	-0.08553444594144821	-0.08574190735816956	-0.08813135325908661	-0.09039878845214844	-0.09591221064329147	-0.10714927315711975	-0.12156037241220474	-0.1369258016347885	-0.14951765537261963	
-0.010814294219017029	-0.01040248479694128	-0.030278073623776436	-0.055766742676496506	-0.07411695271730423	-0.07459040731191635	-0.06958451867103577	-0.07970139384269714	-0.0834704339504242	-0.07567524164915085	-0.06585194170475006	-0.06259485334157944	-0.06567554920911789	-0.07066675275564194	-0.07442773133516312	-0.0781049132347107	-0.08226324617862701	-0.08874371647834778	-0.09546811133623123	-0.09914157539606094	-0.10189356654882431	-0.10410577058792114	-0.1052919328212738	-0.10735975950956345	-0.11221618950366974	-0.12200344353914261	-0.13557440042495728	-0.14785832166671753	-0.13678334653377533	
-0.016109924763441086	-0.019621141254901886	-0.055026356130838394	-0.08691355586051941	-0.1069842278957367	-0.11124444007873535	-0.11356739699840546	-0.11674085259437561	-0.11030086874961853	-0.10272007435560226	-0.09865881502628326	-0.09826990216970444	-0.10287687927484512	-0.10787522047758102	-0.10336307436227798	-0.09780256450176239	-0.09638556092977524	-0.09842615574598312	-0.10411401838064194	-0.11298657208681107	-0.12101263552904129	-0.12377332150936127	-0.12234337627887726	-0.12119263410568237	-0.12389185279607773	-0.13173037767410278	-0.14038266241550446	-0.13063950836658478	-0.09146948903799057	
-0.03793898597359657	-0.044605545699596405	-0.08294739574193954	-0.12138481438159943	-0.140513613820076	-0.14893139898777008	-0.15418162941932678	-0.1496017575263977	-0.14284060895442963	-0.13729798793792725	-0.13510027527809143	-0.13793505728244781	-0.1467573493719101	-0.146498441696167	-0.13414739072322845	-0.11764763295650482	-0.10764211416244507	-0.10902935266494751	-0.1194918155670166	-0.13232573866844177	-0.13974948227405548	-0.13919784128665924	-0.13418635725975037	-0.12968125939369202	-0.1287892460823059	-0.13054849207401276	-0.11982070654630661	-0.08609169721603394	0.0	
-0.07165267318487167	-0.08513270318508148	-0.1165638118982315	-0.14448747038841248	-0.1605825424194336	-0.17204850912094116	-0.1770683377981186	-0.1769751012325287	-0.17277884483337402	-0.16669204831123352	-0.16486424207687378	-0.1727139949798584	-0.18044033646583557	-0.17630161345005035	-0.15634503960609436	-0.13372354209423065	-0.12247803807258606	-0.12612088024616241	-0.1386769711971283	-0.14913597702980042	-0.15226122736930847	-0.1486300677061081	-0.14169929921627045	-0.13207921385765076	-0.11969699710607529	-0.1035342812538147	-0.0739210844039917	0.0	0.0	
-0.11428961902856827	-0.12891949713230133	-0.151134192943573	-0.16924811899662018	-0.1787995547056198	-0.18622252345085144	-0.1946016550064087	-0.20113486051559448	-0.199212446808815	-0.19666089117527008	-0.1983662247657776	-0.20401766896247864	-0.2067469358444214	-0.19710028171539307	-0.1752801388502121	-0.15565426647663116	-0.14691950380802155	-0.1474810689687729	-0.1539526730775833	-0.1595759242773056	-0.15970559418201447	-0.15298044681549072	-0.13602982461452484	-0.11023961752653122	-0.08444011956453323	-0.06715647131204605	0.0	0.0	0.0	
-0.16321147978305817	-0.17663173377513885	-0.19154171645641327	-0.201800137758255	-0.2067558616399765	-0.21192528307437897	-0.22352944314479828	-0.23035497963428497	-0.22953887283802032	-0.22584472596645355	-0.22500921785831451	-0.2263675332069397	-0.22365207970142365	-0.21201194822788239	-0.19729666411876678	-0.1847691535949707	-0.17574602365493774	-0.1721414029598236	-0.17321687936782837	-0.17215372622013092	-0.16173039376735687	-0.13702267408370972	-0.10263734310865402	-0.06707160919904709	-0.05325336754322052	0.0	0.0	0.0	0.0	
-0.2081657201051712	-0.2216474562883377	-0.2330164760351181	-0.2409939169883728	-0.24503688514232635	-0.25060418248176575	-0.258863627910614	-0.2616127133369446	-0.2562893033027649	-0.24925857782363892	-0.24616605043411255	-0.2444630265235901	-0.2382863163948059	-0.230254128575325	-0.2210565060377121	-0.20748062431812286	-0.19454342126846313	-0.18600556254386902	-0.17959925532341003	-0.16629937291145325	-0.1379999816417694	-0.09698193520307541	-0.05630353093147278	-0.04798966646194458	0.0	0.0	0.0	0.0	0.0	
-0.2417135089635849	-0.25610071420669556	-0.26977622509002686	-0.2844674289226532	-0.29722708463668823	-0.3033227324485779	-0.29573413729667664	-0.2818143963813782	-0.270644873380661	-0.2656528055667877	-0.26421305537223816	-0.2659073770046234	-0.2656896710395813	-0.25924211740493774	-0.24348048865795135	-0.22051723301410675	-0.19797267019748688	-0.1784478724002838	-0.1577412635087967	-0.12658889591693878	-0.09029366075992584	-0.05286078900098801	0.0	0.0	0.0	0.0	0.0	0.0	0.0	
-0.2640264928340912	-0.2774938941001892	-0.297653466463089	-0.32171279191970825	-0.336752712726593	-0.329755038022995	-0.3065079152584076	-0.276588499546051	-0.2580578029155731	-0.2538989186286926	-0.2571229636669159	-0.2627521753311157	-0.2692826986312866	-0.26712486147880554	-0.24148344993591309	-0.20386984944343567	-0.16282938420772552	-0.13330158591270447	-0.10374083369970322	-0.06683393567800522	-0.06289134174585342	0.0	0.0	0.0	0.0	0.0	0.0	0.0	0.0	
-0.2639464735984802	-0.2627815306186676	-0.2583945691585541	-0.24476124346256256	-0.30534490942955017	-0.3109380602836609	-0.27558112144470215	-0.20063304901123047	-0.18859361112117767	-0.17849349975585938	-0.1752142310142517	-0.1818215548992157	-0.1767757385969162	-0.25520697236061096	-0.2300940454006195	-0.16198505461215973	-0.07310249656438828	-0.0784897729754448	-0.054980095475912094	0.0	0.0	0.0	0.0	0.0	0.0	0.0	0.0	0.0	0.0	
-0.19689345359802246	-0.1557909995317459	-0.15173131227493286	-0.12153574824333191	0.0	0.0	0.0	-0.11155206710100174	-0.092716284096241	-0.101515032351017	-0.08909110724925995	0.0	0.0	0.0	0.0	0.0	0.0	0.0	0.0	0.0	0.0	0.0	0.0	0.0	0.0	0.0	0.0	0.0	0.0	
-0.07239818572998047	-0.06447147578001022	0.0	0.0	0.0	0.0	0.0	0.0	0.0	0.0	0.0	0.0	0.0	0.0	0.0	0.0	0.0	0.0	0.0	0.0	0.0	0.0	0.0	0.0	0.0	0.0	0.0	0.0	0.0	
-0.02903125435113907	0.0	0.0	0.0	0.0	0.0	0.0	0.0	0.0	0.0	0.0	0.0	0.0	0.0	0.0	0.0	0.0	0.0	0.0	0.0	0.0	0.0	0.0	0.0	0.0	0.0	0.0	0.0	0.0	
0.0	0.0	0.0	0.0	0.0	0.0	0.0	0.0	0.0	0.0	0.0	0.0	0.0	0.0	0.0	0.0	0.0	0.0	0.0	0.0	0.0	0.0	0.0	0.0	0.0	0.0	0.0	0.0	0.0	
0.0	0.0	0.0	0.0	0.0	0.0	0.0	0.0	0.0	0.0	0.0	0.0	0.0	0.0	0.0	0.0	0.0	0.0	0.0	0.0	0.0	0.0	0.0	0.0	0.0	0.0	0.0	0.0	0.0	
0.0	0.0	0.0	0.0	0.0	0.0	0.0	0.0	0.0	0.0	0.0	0.0	0.0	0.0	0.0	0.0	0.0	0.0	0.0	0.0	0.0	0.0	0.0	0.0	0.0	0.0	0.0	0.0	0.0	
0.0	0.0	0.0	0.0	0.0	0.0	0.0	0.0	0.0	0.0	0.0	0.0	0.0	0.0	0.0	0.0	0.0	0.0	0.0	0.0	0.0	0.0	0.0	0.0	0.0	0.0	0.0	0.0	0.0	
End_UU
Start_VV
0.05801183730363846	0.0615539625287056	0.055524054914712906	0.04201629012823105	0.026549868285655975	0.013382677920162678	0.0014517864910885692	-0.014593452215194702	-0.02391481213271618	-0.02686634287238121	-0.019366608932614326	-0.0034113996662199497	0.009106785990297794	0.017863804474473	0.0243292935192585	0.02894185297191143	0.03425784036517143	0.03874211013317108	0.042740680277347565	0.04764031618833542	0.05670495703816414	0.0676804631948471	0.07774549722671509	0.08539226651191711	0.09792320430278778	0.11406008899211884	0.1297348141670227	0.14196377992630005	0.15056480467319489	
0.05003869906067848	0.04682591184973717	0.036238331347703934	0.022471094503998756	0.013545402325689793	0.009802479296922684	-0.001061806338839233	-0.013091856613755226	-0.014255068264901638	-0.014278395101428032	-0.00040226036799140275	0.025500889867544174	0.04415370896458626	0.048804450780153275	0.04723925516009331	0.048152823001146317	0.051444683223962784	0.05405651777982712	0.05676070600748062	0.060647085309028625	0.06851855665445328	0.07789728045463562	0.0864274874329567	0.09606226533651352	0.11059238016605377	0.12595593929290771	0.14001533389091492	0.15095917880535126	0.15794557332992554	
0.03469131514430046	0.02718218043446541	0.010630335658788681	0.0011491540353745222	0.00343565852381289	-0.004200568422675133	-0.017497533932328224	-0.015128511935472488	-0.0004119771474506706	0.009626267477869987	0.03058767318725586	0.05336928740143776	0.06381523609161377	0.06050742045044899	0.055484939366579056	0.05593983829021454	0.059088610112667084	0.06191031262278557	0.06422966718673706	0.06754308938980103	0.07315964251756668	0.07826484739780426	0.08493431657552719	0.0960078313946724	0.11108735203742981	0.12857568264007568	0.1451983004808426	0.15682505071163177	0.16059526801109314	
0.02436009794473648	0.00991398748010397	-0.00995453167706728	-0.006546019110828638	-0.007028221618384123	-0.018978571519255638	-0.02159876562654972	-0.009077135473489761	0.011855660937726498	0.027466129511594772	0.04512978345155716	0.056204985827207565	0.054253630340099335	0.04847714677453041	0.04797859862446785	0.05248909071087837	0.05759463459253311	0.05928775668144226	0.06129017099738121	0.06535495072603226	0.0718957707285881	0.07658272236585617	0.08381883800029755	0.09610089659690857	0.11306209862232208	0.13315320014953613	0.14970216155052185	0.1582038253545761	0.16142024099826813	
0.020073510706424713	0.0006230260478332639	-0.011409930884838104	-0.013950536958873272	-0.019302451983094215	-0.01445751916617155	-0.007176649756729603	0.00522217433899641	0.02136707678437233	0.033375054597854614	0.04017483443021774	0.037761881947517395	0.0311240516602993	0.028507890179753304	0.036752115935087204	0.0439579077064991	0.04679444432258606	0.049636390060186386	0.05368633568286896	0.059069860726594925	0.06550493091344833	0.07395133376121521	0.08645296841859818	0.10329766571521759	0.12225022912025452	0.1395447552204132	0.1509244441986084	0.15715308487415314	0.14809414744377136	
0.023751702159643173	0.0005211442476138473	-0.014325263909995556	-0.020964697003364563	-0.015782317146658897	-0.003814493305981159	0.009158237837255001	0.02222263813018799	0.03017323464155197	0.036224398761987686	0.0359596349298954	0.031063182279467583	0.0267486609518528	0.031060943379998207	0.035426534712314606	0.033685434609651566	0.03739068657159805	0.04541682079434395	0.05295701324939728	0.05791758745908737	0.06481317430734634	0.07737662643194199	0.09398478269577026	0.11309576034545898	0.13042983412742615	0.14235392212867737	0.14862851798534393	0.13857078552246094	0.09736056625843048	
0.03692670539021492	0.005536122713238001	-0.018782682716846466	-0.022376762703061104	-0.01425445917993784	-0.0005593042587861419	0.01906435936689377	0.030600357800722122	0.038194067776203156	0.042590539902448654	0.042266666889190674	0.041527703404426575	0.043292298913002014	0.04744529724121094	0.03942149132490158	0.037763625383377075	0.04477532207965851	0.05514947324991226	0.06265947222709656	0.06905654072761536	0.07792618125677109	0.0900503396987915	0.10494405031204224	0.12100639194250107	0.133766770362854	0.14064419269561768	0.13065317273139954	0.09394802898168564	0.0	
0.04919382184743881	0.018481876701116562	-0.006768646650016308	-0.014129489660263062	-0.008958443999290466	0.005956403445452452	0.02141212299466133	0.032228272408246994	0.04091011360287666	0.04733733460307121	0.05059463903307915	0.05296304076910019	0.05371588468551636	0.04995313659310341	0.04652462899684906	0.04926898330450058	0.05825689062476158	0.0693768635392189	0.07920202612876892	0.08819524943828583	0.09665221720933914	0.10702579468488693	0.11961948126554489	0.1300685703754425	0.13151384890079498	0.11704478412866592	0.08296354115009308	0.0	0.0	
0.05855359882116318	0.03392944112420082	0.016165653243660927	0.009349288418889046	0.009357153438031673	0.017002016305923462	0.025251401588320732	0.03493223711848259	0.04366699978709221	0.05131262540817261	0.05621325597167015	0.05857320502400398	0.05638806149363518	0.05457371473312378	0.055817559361457825	0.059147924184799194	0.06705313175916672	0.07962989062070847	0.09213908016681671	0.10234257578849792	0.11317338794469833	0.12489686906337738	0.13372451066970825	0.13118761777877808	0.10884622484445572	0.08114100247621536	0.0	0.0	0.0	
0.06436656415462494	0.04890281334519386	0.03914593160152435	0.0332518145442009	0.029874861240386963	0.0294099822640419	0.03389590606093407	0.0404498465359211	0.04476815462112427	0.05000639706850052	0.05519409850239754	0.058680374175310135	0.0634818971157074	0.06958001106977463	0.07230482995510101	0.07263927161693573	0.07812117785215378	0.08892928808927536	0.10093455761671066	0.11118610948324203	0.12019870430231094	0.1251014620065689	0.11840563267469406	0.0898323729634285	0.07311199605464935	0.0	0.0	0.0	0.0	
0.0686924010515213	0.06261599063873291	0.05813853442668915	0.05032160133123398	0.04080834612250328	0.0350491888821125	0.0314791202545166	0.02958063781261444	0.03352358937263489	0.040798064321279526	0.0498625822365284	0.06052585691213608	0.07414540648460388	0.08431661128997803	0.08668912202119827	0.08736082911491394	0.09116265922784805	0.09725683927536011	0.10380546748638153	0.10806121677160263	0.1082906723022461	0.0976877361536026	0.0695628672838211	0.06494760513305664	0.0	0.0	0.0	0.0	0.0	
0.07930037379264832	0.07945738732814789	0.07350214570760727	0.05806047096848488	0.03919662535190582	0.013710684143006802	0.0014704328496009111	0.006231605540961027	0.022216806188225746	0.03964817896485329	0.056236330419778824	0.0718306377530098	0.08136498928070068	0.08192341774702072	0.07686158269643784	0.07366020977497101	0.07528926432132721	0.07889167219400406	0.08161678910255432	0.08065685629844666	0.07251718640327454	0.05283597111701965	0.0	0.0	0.0	0.0	0.0	0.0	0.0	
0.09507923573255539	0.09609448164701462	0.08880377560853958	0.06643306463956833	0.025456322357058525	-0.010694603435695171	-0.026133041828870773	-0.01390844490379095	0.01547868363559246	0.04462246596813202	0.06692668050527573	0.0766492486000061	0.06849441677331924	0.04998781532049179	0.032343313097953796	0.024784669280052185	0.02829163335263729	0.037840958684682846	0.04400654509663582	0.04092629998922348	0.043514810502529144	0.0	0.0	0.0	0.0	0.0	0.0	0.0	0.0	
0.10000967234373093	0.09616497159004211	0.0878162607550621	0.06475856155157089	0.02034376561641693	-0.013241459615528584	-0.02953915111720562	-0.024908149614930153	0.010387484915554523	0.043916005641222	0.05612415820360184	0.049208879470825195	0.039560772478580475	0.02024865709245205	0.006865938659757376	0.0012045309413224459	-0.0010615327628329396	0.010948234237730503	0.018748704344034195	0.0	0.0	0.0	0.0	0.0	0.0	0.0	0.0	0.0	0.0	
0.06498462706804276	0.046464189887046814	0.04397823289036751	0.042876120656728745	0.0	0.0	0.0	-0.013669141568243504	0.005408261436969042	0.02674490213394165	0.03392350301146507	0.0	0.0	0.0	0.0	0.0	0.0	0.0	0.0	0.0	0.0	0.0	0.0	0.0	0.0	0.0	0.0	0.0	0.0	
0.011782358400523663	0.016447875648736954	0.0	0.0	0.0	0.0	0.0	0.0	0.0	0.0	0.0	0.0	0.0	0.0	0.0	0.0	0.0	0.0	0.0	0.0	0.0	0.0	0.0	0.0	0.0	0.0	0.0	0.0	0.0	
-0.006471720989793539	0.0	0.0	0.0	0.0	0.0	0.0	0.0	0.0	0.0	0.0	0.0	0.0	0.0	0.0	0.0	0.0	0.0	0.0	0.0	0.0	0.0	0.0	0.0	0.0	0.0	0.0	0.0	0.0	
0.0	0.0	0.0	0.0	0.0	0.0	0.0	0.0	0.0	0.0	0.0	0.0	0.0	0.0	0.0	0.0	0.0	0.0	0.0	0.0	0.0	0.0	0.0	0.0	0.0	0.0	0.0	0.0	0.0	
0.0	0.0	0.0	0.0	0.0	0.0	0.0	0.0	0.0	0.0	0.0	0.0	0.0	0.0	0.0	0.0	0.0	0.0	0.0	0.0	0.0	0.0	0.0	0.0	0.0	0.0	0.0	0.0	0.0	
0.0	0.0	0.0	0.0	0.0	0.0	0.0	0.0	0.0	0.0	0.0	0.0	0.0	0.0	0.0	0.0	0.0	0.0	0.0	0.0	0.0	0.0	0.0	0.0	0.0	0.0	0.0	0.0	0.0	
0.0	0.0	0.0	0.0	0.0	0.0	0.0	0.0	0.0	0.0	0.0	0.0	0.0	0.0	0.0	0.0	0.0	0.0	0.0	0.0	0.0	0.0	0.0	0.0	0.0	0.0	0.0	0.0	0.0	
End_VV
