Start_UU
-0.045742448419332504	-0.04614434391260147	-0.05172742158174515	-0.05156122148036957	-0.04940780624747276	-0.053992316126823425	-0.06865891069173813	-0.08489196747541428	-0.09145969897508621	-0.08751940727233887	-0.08442840725183487	-0.0912819430232048	-0.09884901344776154	-0.09553907066583633	-0.08027004450559616	-0.06047975271940231	-0.046262383460998535	-0.03368803486227989	-0.02028881199657917	-0.009197505190968513	-0.0025698160752654076	0.00301276333630085	0.0128295524045825	0.024577347561717033	0.03325140103697777	0.02961985394358635	0.01265412475913763	-0.010942363180220127	-0.03443754091858864	
-0.03391197696328163	-0.02993072010576725	-0.03094305284321308	-0.028110597282648087	-0.02578076347708702	-0.033331047743558884	-0.047393012791872025	-0.06267161667346954	-0.07670976221561432	-0.09196257591247559	-0.10963790863752365	-0.12448035180568695	-0.1267881542444229	-0.11785949766635895	-0.09978713095188141	-0.08152028173208237	-0.06624859571456909	-0.05071793869137764	-0.037900086492300034	-0.02960030734539032	-0.027274012565612793	-0.02531476318836212	-0.019429022446274757	-0.011277416720986366	-0.00977172888815403	-0.018085328862071037	-0.030172716826200485	-0.04402938857674599	-0.055824022740125656	
-0.03545660898089409	-0.028970161452889442	-0.028007134795188904	-0.02543116919696331	-0.02824496105313301	-0.03716123104095459	-0.05395849421620369	-0.08070619404315948	-0.11248447746038437	-0.14095081388950348	-0.15535734593868256	-0.15748941898345947	-0.15040428936481476	-0.13688503205776215	-0.11873341351747513	-0.09885655343532562	-0.08179497718811035	-0.06574570387601852	-0.051572591066360474	-0.04317427799105644	-0.04210714250802994	-0.04504794999957085	-0.048881895840168	-0.05212143063545227	-0.05483486130833626	-0.058419112116098404	-0.06055549159646034	-0.062328651547431946	-0.07425857335329056	
-0.05436931177973747	-0.05052945017814636	-0.04659826308488846	-0.043491996824741364	-0.04592647776007652	-0.05978457257151604	-0.0903787910938263	-0.12926848232746124	-0.16513079404830933	-0.18653473258018494	-0.18886293470859528	-0.18192148208618164	-0.17032188177108765	-0.15365464985370636	-0.13153502345085144	-0.11263306438922882	-0.09752732515335083	-0.08357706665992737	-0.07162463665008545	-0.066780686378479	-0.07049141079187393	-0.07899679988622665	-0.08920538425445557	-0.09556572884321213	-0.09566694498062134	-0.08912264555692673	-0.08185725659132004	-0.08603403717279434	-0.10189568251371384	
-0.08294147253036499	-0.08023696392774582	-0.07701420038938522	-0.07257871329784393	-0.07653588801622391	-0.1010347232222557	-0.13901527225971222	-0.17739169299602509	-0.2037193924188614	-0.21451149880886078	-0.212264746427536	-0.20268355309963226	-0.18648819625377655	-0.16707894206047058	-0.1489500105381012	-0.13501951098442078	-0.12190067768096924	-0.11088130623102188	-0.10489493608474731	-0.10282456129789352	-0.10595709085464478	-0.11476437747478485	-0.1255846619606018	-0.1313629001379013	-0.12437525391578674	-0.11597806215286255	-0.11578171700239182	-0.12430296838283539	-0.13296473026275635	
-0.11323471367359161	-0.1120842844247818	-0.1081584021449089	-0.10725852847099304	-0.1202751025557518	-0.15310683846473694	-0.18868686258792877	-0.21461717784404755	-0.22723983228206635	-0.23037508130073547	-0.22500482201576233	-0.21122904121875763	-0.1959279328584671	-0.18370020389556885	-0.16999506950378418	-0.15851990878582	-0.1501981019973755	-0.14593417942523956	-0.14197304844856262	-0.1392713338136673	-0.14111928641796112	-0.14968034625053406	-0.15859442949295044	-0.1602504849433899	-0.1579720675945282	-0.1581207811832428	-0.16115550696849823	-0.16218741238117218	-0.1575181931257248	
-0.1359013468027115	-0.13746146857738495	-0.1421067714691162	-0.15715356171131134	-0.18252632021903992	-0.2141915261745453	-0.23977282643318176	-0.2500580847263336	-0.2518728971481323	-0.24894487857818604	-0.2401532530784607	-0.22556832432746887	-0.21220485866069794	-0.19799943268299103	-0.18645386397838593	-0.1808670461177826	-0.17878761887550354	-0.17917071282863617	-0.1771085262298584	-0.1752740740776062	-0.17831037938594818	-0.1869836449623108	-0.19662611186504364	-0.20482057332992554	-0.21106074750423431	-0.21185527741909027	-0.20619773864746094	-0.1897154450416565	-0.15254893898963928	
-0.15465985238552094	-0.16584622859954834	-0.18465623259544373	-0.21203327178955078	-0.24310696125030518	-0.27138739824295044	-0.28416770696640015	-0.28420743346214294	-0.2798859775066376	-0.2739785611629486	-0.26314765214920044	-0.24823546409606934	-0.23100857436656952	-0.2174861580133438	-0.2095026969909668	-0.20542626082897186	-0.2066241353750229	-0.2095547914505005	-0.21067269146442413	-0.20987224578857422	-0.21312983334064484	-0.2231786698102951	-0.2368048131465912	-0.24815510213375092	-0.25346750020980835	-0.2493831068277359	-0.2300737500190735	-0.17591363191604614	-0.09757746756076813	
-0.17857156693935394	-0.19814221560955048	-0.2254064530134201	-0.25614282488822937	-0.28482386469841003	-0.30554237961769104	-0.3122474253177643	-0.3128392994403839	-0.3112632930278778	-0.3061509132385254	-0.29391664266586304	-0.27582937479019165	-0.2601504623889923	-0.2506071925163269	-0.24258539080619812	-0.23693200945854187	-0.23751291632652283	-0.24147167801856995	-0.24218331277370453	-0.24049478769302368	-0.24327969551086426	-0.2516477406024933	-0.2579420208930969	-0.2568643391132355	-0.24503691494464874	-0.2125457525253296	-0.13035796582698822	-0.08746293187141418	-0.04649009183049202	
-0.20392681658267975	-0.22980280220508575	-0.2586555480957031	-0.2866872251033783	-0.3083053529262543	-0.32257547974586487	-0.33143749833106995	-0.3380533754825592	-0.34038040041923523	-0.33554965257644653	-0.32130661606788635	-0.30395829677581787	-0.2918826937675476	-0.28319528698921204	-0.2722557485103607	-0.26343920826911926	-0.26246675848960876	-0.26539069414138794	-0.26613160967826843	-0.2642572820186615	-0.2638487219810486	-0.26068228483200073	-0.24922338128089905	-0.22104491293430328	-0.1642572283744812	-0.07142240554094315	-0.0023876659106463194	0.006075344514101744	0.0	
-0.22672568261623383	-0.25526922941207886	-0.2832677662372589	-0.30410146713256836	-0.3180176615715027	-0.32990139722824097	-0.34098491072654724	-0.34891030192375183	-0.35137253999710083	-0.34703049063682556	-0.33638373017311096	-0.3239652216434479	-0.31326085329055786	-0.3002335727214813	-0.2851904630661011	-0.27635714411735535	-0.27709728479385376	-0.2804087698459625	-0.28119704127311707	-0.2775857448577881	-0.26711657643318176	-0.24287202954292297	-0.19920776784420013	-0.1281864494085312	-0.03837181255221367	0.0106437923386693	0.02333984710276127	0.0	0.0	
-0.25272834300994873	-0.27844205498695374	-0.29664236307144165	-0.3096866011619568	-0.3236567974090576	-0.33284491300582886	-0.34197068214416504	-0.3504677414894104	-0.35390380024909973	-0.35174989700317383	-0.34592556953430176	-0.33833053708076477	-0.32449567317962646	-0.3055303394794464	-0.28899437189102173	-0.27915751934051514	-0.274777889251709	-0.2699988782405853	-0.2595912516117096	-0.23950952291488647	-0.2064831703901291	-0.1573450267314911	-0.09243934601545334	-0.026852702721953392	0.0075308713130652905	0.013132655993103981	0.0	0.0	0.0	
-0.2762241065502167	-0.28955718874931335	-0.30110305547714233	-0.3153139352798462	-0.3263358175754547	-0.33611226081848145	-0.3457810878753662	-0.3516084849834442	-0.354399174451828	-0.3552713096141815	-0.35163936018943787	-0.34152838587760925	-0.3235172927379608	-0.3054552972316742	-0.2895830571651459	-0.2726154625415802	-0.25197941064834595	-0.2253691554069519	-0.1930774301290512	-0.1568436324596405	-0.11296190321445465	-0.06338131427764893	-0.011545470915734768	0.014708448201417923	0.011877215467393398	0.0	0.0	0.0	0.0	
-0.28900668025016785	-0.298713743686676	-0.3129834234714508	-0.3226849138736725	-0.336588591337204	-0.34717804193496704	-0.35174626111984253	-0.35103121399879456	-0.350686639547348	-0.3496273458003998	-0.3406945765018463	-0.32557472586631775	-0.308369904756546	-0.29348745942115784	-0.27341943979263306	-0.24436385929584503	-0.21002858877182007	-0.1707720309495926	-0.12855374813079834	-0.08958525210618973	-0.05494329333305359	-0.02819545939564705	-0.01254319865256548	0.0	0.0	0.0	0.0	0.0	0.0	
-0.3017284572124481	-0.3133932054042816	-0.32749930024147034	-0.3365352749824524	-0.3549429774284363	-0.3556823432445526	-0.3432914912700653	-0.3270547688007355	-0.31381842494010925	-0.30128034949302673	-0.2866612374782562	-0.2729140818119049	-0.2584168314933777	-0.24179358780384064	-0.2150786966085434	-0.17837907373905182	-0.14187979698181152	-0.1098899096250534	-0.08227319270372391	-0.056164730340242386	-0.041418831795454025	0.0	0.0	0.0	0.0	0.0	0.0	0.0	0.0	
-0.3155076205730438	-0.32055938243865967	-0.32954445481300354	-0.3366695046424866	-0.33493736386299133	-0.3101581335067749	-0.2764878273010254	-0.24779324233531952	-0.2242029756307602	-0.20142748951911926	-0.1779472827911377	-0.17426390945911407	-0.1555156260728836	-0.182621031999588	-0.17020979523658752	-0.14075319468975067	-0.11051612347364426	-0.08617421239614487	-0.04633209481835365	-0.03270469605922699	0.0	0.0	0.0	0.0	0.0	0.0	0.0	0.0	0.0	
-0.2957826256752014	-0.28142592310905457	-0.26392868161201477	-0.23625756800174713	-0.24060454964637756	-0.21591411530971527	-0.17578713595867157	-0.14294247329235077	-0.1170089989900589	-0.09948280453681946	-0.07523636519908905	-0.09579955786466599	0.0	0.0	0.0	0.0	0.0	0.0	0.0	0.0	0.0	0.0	0.0	0.0	0.0	0.0	0.0	0.0	0.0	
-0.1993587613105774	-0.16678565740585327	-0.15685760974884033	-0.12086230516433716	0.0	0.0	0.0	-0.08769383281469345	-0.07550761848688126	-0.04877038300037384	0.0	0.0	0.0	0.0	0.0	0.0	0.0	0.0	0.0	0.0	0.0	0.0	0.0	0.0	0.0	0.0	0.0	0.0	0.0	
-0.0710863471031189	-0.05676610767841339	0.0	0.0	0.0	0.0	0.0	0.0	0.0	0.0	0.0	0.0	0.0	0.0	0.0	0.0	0.0	0.0	0.0	0.0	0.0	0.0	0.0	0.0	0.0	0.0	0.0	0.0	0.0	
-0.005039336625486612	0.0	0.0	0.0	0.0	0.0	0.0	0.0	0.0	0.0	0.0	0.0	0.0	0.0	0.0	0.0	0.0	0.0	0.0	0.0	0.0	0.0	0.0	0.0	0.0	0.0	0.0	0.0	0.0	
0.0	0.0	0.0	0.0	0.0	0.0	0.0	0.0	0.0	0.0	0.0	0.0	0.0	0.0	0.0	0.0	0.0	0.0	0.0	0.0	0.0	0.0	0.0	0.0	0.0	0.0	0.0	0.0	0.0	
End_UU
Start_VV
-0.00585602130740881	-0.0036635110154747963	-0.00492782611399889	-0.0071547250263392925	-0.0029255959670990705	0.01045957487076521	0.02475743368268013	0.040751636028289795	0.0599924735724926	0.07069595158100128	0.06974833458662033	0.06712654232978821	0.0649401843547821	0.06846226751804352	0.07779257744550705	0.08535191416740417	0.08410675078630447	0.08478837460279465	0.09380834549665451	0.10852506011724472	0.12696847319602966	0.14690068364143372	0.16319267451763153	0.17250807583332062	0.17704127728939056	0.17748527228832245	0.17768700420856476	0.18499501049518585	0.201006218791008	
0.01832764223217964	0.01059456542134285	0.005343183875083923	-2.8336022296571173e-05	0.00333877420052886	0.011273267678916454	0.01585586741566658	0.02562328428030014	0.036630310118198395	0.03655767813324928	0.03642391040921211	0.04256966710090637	0.049423880875110626	0.054146260023117065	0.059596169739961624	0.06464479118585587	0.06514672189950943	0.07071766257286072	0.07997487485408783	0.09528965502977371	0.11506044119596481	0.13337837159633636	0.1455969363451004	0.15602371096611023	0.16076426208019257	0.1660294532775879	0.17618787288665771	0.1923987865447998	0.2121502012014389	
0.05543351545929909	0.04456915333867073	0.037716154009103775	0.03118988499045372	0.029277514666318893	0.02068113349378109	0.00824475847184658	0.006370075047016144	0.007651397492736578	0.010400033555924892	0.022112542763352394	0.03454122319817543	0.04019853100180626	0.040566813200712204	0.044624801725149155	0.04933471977710724	0.05248935893177986	0.05855359509587288	0.0712072029709816	0.09219337999820709	0.11612498015165329	0.13476884365081787	0.14505288004875183	0.1511365920305252	0.15901924669742584	0.171260267496109	0.18691645562648773	0.20434151589870453	0.21714971959590912	
0.08564312756061554	0.0766519084572792	0.06599535793066025	0.059680718928575516	0.04565809294581413	0.02233460545539856	0.006179208401590586	0.0035670241340994835	0.00660474319010973	0.01610211655497551	0.02926797978579998	0.038749564439058304	0.04084977135062218	0.040270231664180756	0.04247262701392174	0.04553508758544922	0.047862086445093155	0.05640598386526108	0.07318724691867828	0.09542880207300186	0.11751040816307068	0.1341180056333542	0.14312155544757843	0.15250883996486664	0.16596689820289612	0.18248477578163147	0.19890525937080383	0.20989833772182465	0.21435478329658508	
0.10477058589458466	0.09505569934844971	0.08580572158098221	0.07568099349737167	0.05155392363667488	0.027218269184231758	0.016092661768198013	0.020138641819357872	0.02877120114862919	0.03998672589659691	0.04765233024954796	0.05013714358210564	0.04773545265197754	0.04350715130567551	0.04275529086589813	0.045328155159950256	0.05059687793254852	0.06114039197564125	0.07675233483314514	0.09595480561256409	0.11641746014356613	0.1347840130329132	0.14835390448570251	0.16295857727527618	0.17926889657974243	0.19459865987300873	0.20391711592674255	0.20838670432567596	0.20976050198078156	
0.11391635984182358	0.11001158505678177	0.10313376784324646	0.08708135783672333	0.0646527111530304	0.04389767721295357	0.036301389336586	0.04235544055700302	0.05063048377633095	0.059166599065065384	0.061812978237867355	0.05997138470411301	0.056893281638622284	0.05492958799004555	0.0548347570002079	0.05752190575003624	0.06418866664171219	0.07287819683551788	0.08553043007850647	0.10437913984060287	0.1276681125164032	0.1491357684135437	0.1650102287530899	0.17853792011737823	0.18905389308929443	0.1955309510231018	0.201412171125412	0.20601974427700043	0.19909442961215973	
0.12361590564250946	0.12330961972475052	0.11613928526639938	0.10206172615289688	0.08365854620933533	0.06869246065616608	0.06568287312984467	0.06606641411781311	0.06940367817878723	0.07283197343349457	0.07387655228376389	0.07393990457057953	0.07265875488519669	0.06815914809703827	0.06625299900770187	0.07203824818134308	0.08190397173166275	0.09273090213537216	0.10590783506631851	0.12570220232009888	0.15071330964565277	0.17127572000026703	0.18443123996257782	0.19219842553138733	0.19565223157405853	0.1973489373922348	0.19826740026474	0.18780845403671265	0.1539977788925171	
0.13304966688156128	0.12991195917129517	0.12264714390039444	0.1120285838842392	0.10199780017137527	0.09385979175567627	0.08872644603252411	0.08425885438919067	0.08142968267202377	0.08110656589269638	0.08262982964515686	0.0850578024983406	0.08237317204475403	0.07703647762537003	0.07755919545888901	0.08499913662672043	0.09632356464862823	0.11005450785160065	0.1252930611371994	0.14522649347782135	0.16933491826057434	0.19035087525844574	0.2052711397409439	0.21360056102275848	0.21661439538002014	0.21350587904453278	0.1873752921819687	0.11888996511697769	0.07734782248735428	
0.14130012691020966	0.13361424207687378	0.12808379530906677	0.1225191131234169	0.11401208490133286	0.10486975312232971	0.09859950095415115	0.09291549772024155	0.08620138466358185	0.08396156132221222	0.08714400976896286	0.09062410891056061	0.09107954800128937	0.08976919203996658	0.09136103838682175	0.09783022105693817	0.10818348824977875	0.12080881744623184	0.13502705097198486	0.15516959130764008	0.18325799703598022	0.20924794673919678	0.2256775051355362	0.23221617937088013	0.2281375676393509	0.2009870707988739	0.12737886607646942	0.06618044525384903	0.03520815074443817	
0.15118978917598724	0.1440468281507492	0.1387406438589096	0.12971974909305573	0.1177167221903801	0.10855495184659958	0.10413434356451035	0.09662538021802902	0.08958703279495239	0.08890280872583389	0.09443491697311401	0.09976226091384888	0.10225323587656021	0.10327951610088348	0.1070251539349556	0.11378981918096542	0.1218990609049797	0.13173529505729675	0.1460098922252655	0.16745738685131073	0.19196771085262299	0.20730480551719666	0.20941253006458282	0.19912149012088776	0.16558323800563812	0.08978278934955597	0.021336153149604797	0.007512063253670931	0.0	
0.16515454649925232	0.15874521434307098	0.14908868074417114	0.1353570967912674	0.12290725857019424	0.1165018156170845	0.11132117360830307	0.10366611182689667	0.09719304740428925	0.09688173234462738	0.1011245995759964	0.10430444031953812	0.10705160349607468	0.1126895546913147	0.12205515801906586	0.13070695102214813	0.13865825533866882	0.14979976415634155	0.16544181108474731	0.17869707942008972	0.1822214126586914	0.1718798577785492	0.1488131880760193	0.11233116686344147	0.06893841177225113	0.018986128270626068	0.0031772064976394176	0.0	0.0	
0.1792040914297104	0.16733872890472412	0.15229223668575287	0.13973070681095123	0.13027530908584595	0.12083953619003296	0.11245179921388626	0.10466181486845016	0.0975579023361206	0.0938868448138237	0.09516730904579163	0.09909578412771225	0.10648477077484131	0.11895228177309036	0.13081124424934387	0.1407969892024994	0.1527828574180603	0.16857285797595978	0.18259179592132568	0.17701128125190735	0.14684034883975983	0.0999763235449791	0.049556199461221695	0.007644598372280598	0.014466328546404839	0.01476254127919674	0.0	0.0	0.0	
0.18988728523254395	0.17297030985355377	0.15701644122600555	0.14440512657165527	0.13324475288391113	0.12138538807630539	0.11268544942140579	0.1049494743347168	0.09671273827552795	0.08906848728656769	0.08765070885419846	0.09350576996803284	0.10515468567609787	0.1163117066025734	0.1233249381184578	0.12940263748168945	0.14152753353118896	0.15534105896949768	0.1601676642894745	0.13901689648628235	0.0870513916015625	0.01893552765250206	-0.02617965079843998	-0.024502499029040337	-0.011894552037119865	0.0	0.0	0.0	0.0	
0.19195285439491272	0.17736616730690002	0.16239972412586212	0.15070170164108276	0.1394348442554474	0.12497352808713913	0.11501849442720413	0.10757523775100708	0.09980220347642899	0.09408534318208694	0.09336060285568237	0.09605057537555695	0.09788596630096436	0.09560320526361465	0.09083685278892517	0.08924435079097748	0.09225062280893326	0.09473713487386703	0.08916863799095154	0.06788071990013123	0.03109022043645382	-0.00844502355903387	-0.024769317358732224	0.0	0.0	0.0	0.0	0.0	0.0	
0.19065165519714355	0.17915606498718262	0.16937978565692902	0.15712465345859528	0.13788683712482452	0.11940988898277283	0.1101372167468071	0.10841013491153717	0.10650654882192612	0.10329225659370422	0.10071466118097305	0.09457232058048248	0.08250544965267181	0.066287100315094	0.051955800503492355	0.04285209998488426	0.040325529873371124	0.03597913309931755	0.03148849681019783	0.01961151696741581	0.0117575628682971	0.0	0.0	0.0	0.0	0.0	0.0	0.0	0.0	
0.19168466329574585	0.1787547469139099	0.166823610663414	0.13938356935977936	0.10997235774993896	0.09384002536535263	0.09255243837833405	0.09859543293714523	0.10038091987371445	0.09520190954208374	0.08881573379039764	0.06885085999965668	0.04938294738531113	0.038828153163194656	0.02408020570874214	0.01903669163584709	0.01789812557399273	0.013839353807270527	0.009853479452431202	0.007563138380646706	0.0	0.0	0.0	0.0	0.0	0.0	0.0	0.0	0.0	
0.18380619585514069	0.17143717408180237	0.145515576004982	0.10262013971805573	0.05923689901828766	0.05147647112607956	0.057128094136714935	0.07745786011219025	0.07472201436758041	0.06553631275892258	0.04425903782248497	0.04930786415934563	0.0	0.0	0.0	0.0	0.0	0.0	0.0	0.0	0.0	0.0	0.0	0.0	0.0	0.0	0.0	0.0	0.0	
0.14775489270687103	0.13803479075431824	0.09297158569097519	0.06744294613599777	0.0	0.0	0.0	0.045192841440439224	0.04140784591436386	0.03522332385182381	0.0	0.0	0.0	0.0	0.0	0.0	0.0	0.0	0.0	0.0	0.0	0.0	0.0	0.0	0.0	0.0	0.0	0.0	0.0	
0.06043915078043938	0.061974287033081055	0.0	0.0	0.0	0.0	0.0	0.0	0.0	0.0	0.0	0.0	0.0	0.0	0.0	0.0	0.0	0.0	0.0	0.0	0.0	0.0	0.0	0.0	0.0	0.0	0.0	0.0	0.0	
0.016877850517630577	0.0	0.0	0.0	0.0	0.0	0.0	0.0	0.0	0.0	0.0	0.0	0.0	0.0	0.0	0.0	0.0	0.0	0.0	0.0	0.0	0.0	0.0	0.0	0.0	0.0	0.0	0.0	0.0	
0.0	0.0	0.0	0.0	0.0	0.0	0.0	0.0	0.0	0.0	0.0	0.0	0.0	0.0	0.0	0.0	0.0	0.0	0.0	0.0	0.0	0.0	0.0	0.0	0.0	0.0	0.0	0.0	0.0	
End_VV
