Start_UU
-0.1650000512599945	-0.18475279211997986	-0.1836652159690857	-0.18815886974334717	-0.1964179426431656	-0.20531293749809265	-0.21264703571796417	-0.22642749547958374	-0.25308525562286377	-0.28795814514160156	-0.31769686937332153	-0.3380105197429657	-0.3490664064884186	-0.3492943346500397	-0.33555132150650024	-0.3148375153541565	-0.29237598180770874	-0.2706665098667145	-0.2535840570926666	-0.24090874195098877	-0.22723916172981262	-0.20467978715896606	-0.177659273147583	-0.15843960642814636	-0.14601203799247742	-0.13226467370986938	-0.11581472307443619	-0.09786348044872284	-0.0824664756655693	
-0.14196757972240448	-0.18168127536773682	-0.18925140798091888	-0.19306136667728424	-0.20059432089328766	-0.2110094279050827	-0.22021295130252838	-0.23247623443603516	-0.25599080324172974	-0.28450721502304077	-0.313690185546875	-0.3339894711971283	-0.3468330204486847	-0.34626874327659607	-0.327020525932312	-0.29791751503944397	-0.26605287194252014	-0.23887480795383453	-0.21570605039596558	-0.2004537433385849	-0.18650123476982117	-0.17069128155708313	-0.1583116054534912	-0.1524033397436142	-0.14511145651340485	-0.12969914078712463	-0.10631109774112701	-0.08041859418153763	-0.05758700519800186	
-0.13763870298862457	-0.1712430864572525	-0.1768774539232254	-0.18554963171482086	-0.19737845659255981	-0.20550537109375	-0.2135925590991974	-0.2297343760728836	-0.24820885062217712	-0.2689540386199951	-0.29366716742515564	-0.31404948234558105	-0.3252628445625305	-0.3215230107307434	-0.29838696122169495	-0.2617621421813965	-0.22166232764720917	-0.1878470480442047	-0.1639629304409027	-0.15121836960315704	-0.14624807238578796	-0.14539559185504913	-0.148091122508049	-0.1498546451330185	-0.14482147991657257	-0.12764213979244232	-0.09991702437400818	-0.06977621465921402	-0.04290076345205307	
-0.13603664934635162	-0.16198892891407013	-0.16705594956874847	-0.17761653661727905	-0.1893945038318634	-0.1938292533159256	-0.20023207366466522	-0.21466287970542908	-0.23633259534835815	-0.260367214679718	-0.28019681572914124	-0.29348132014274597	-0.29709479212760925	-0.28787750005722046	-0.26470720767974854	-0.23346956074237823	-0.19871050119400024	-0.16656453907489777	-0.1417413204908371	-0.1297382265329361	-0.12944744527339935	-0.1385205239057541	-0.14877769351005554	-0.15480642020702362	-0.14875254034996033	-0.1286759227514267	-0.09900441765785217	-0.06781235337257385	-0.033368781208992004	
-0.12755119800567627	-0.149825319647789	-0.1657213270664215	-0.17617952823638916	-0.1800023764371872	-0.18227803707122803	-0.18488238751888275	-0.1959095597267151	-0.21933645009994507	-0.2451556771993637	-0.2624138295650482	-0.26721978187561035	-0.26583021879196167	-0.25876107811927795	-0.24406449496746063	-0.22661559283733368	-0.20213010907173157	-0.17406828701496124	-0.14864449203014374	-0.1330672800540924	-0.1303580403327942	-0.13839837908744812	-0.1484639048576355	-0.1521315723657608	-0.14286506175994873	-0.12039881199598312	-0.08890748023986816	-0.05057424679398537	-0.009059914387762547	
-0.12417863309383392	-0.15170428156852722	-0.17407213151454926	-0.18694543838500977	-0.1898067593574524	-0.1879340559244156	-0.18816381692886353	-0.19449417293071747	-0.2096371352672577	-0.22783370316028595	-0.24038435518741608	-0.24451880156993866	-0.24115650355815887	-0.23340702056884766	-0.22533391416072845	-0.22141729295253754	-0.21142351627349854	-0.1906859427690506	-0.16236862540245056	-0.14116430282592773	-0.13220931589603424	-0.13266950845718384	-0.13625547289848328	-0.13414855301380157	-0.1208786591887474	-0.09730062633752823	-0.06439567357301712	-0.028885213658213615	0.004024791065603495	
-0.1454835683107376	-0.17435972392559052	-0.1977880597114563	-0.2127825766801834	-0.2172137051820755	-0.2187761515378952	-0.21776169538497925	-0.21410422027111053	-0.2169237732887268	-0.22267284989356995	-0.2259145826101303	-0.2242746651172638	-0.22086574137210846	-0.22314001619815826	-0.22832328081130981	-0.23109865188598633	-0.22529208660125732	-0.20295590162277222	-0.17156663537025452	-0.14439938962459564	-0.12820982933044434	-0.12018599361181259	-0.1155015230178833	-0.10822087526321411	-0.09577279537916183	-0.07878780364990234	-0.058978352695703506	-0.03601705655455589	-0.01110691949725151	
-0.16645412147045135	-0.1958165317773819	-0.21987111866474152	-0.23641915619373322	-0.24557119607925415	-0.2516201138496399	-0.24621230363845825	-0.2364523857831955	-0.23434241116046906	-0.23382635414600372	-0.22968700528144836	-0.22367341816425323	-0.2217675745487213	-0.2270926833152771	-0.23007434606552124	-0.22977440059185028	-0.22280582785606384	-0.19910703599452972	-0.16541898250579834	-0.13642434775829315	-0.12079785764217377	-0.11385756731033325	-0.11077646166086197	-0.10849478840827942	-0.10432981699705124	-0.09318571537733078	-0.06771863996982574	-0.03951222449541092	-0.007906618528068066	
-0.19358377158641815	-0.21784520149230957	-0.24013352394104004	-0.2536317706108093	-0.2566748559474945	-0.2528148889541626	-0.2410677671432495	-0.2315768599510193	-0.23245170712471008	-0.23418951034545898	-0.229241281747818	-0.21438193321228027	-0.20152388513088226	-0.19697988033294678	-0.1987854242324829	-0.20318087935447693	-0.19977182149887085	-0.17728593945503235	-0.14535701274871826	-0.12542764842510223	-0.1177905723452568	-0.11923819780349731	-0.12464559078216553	-0.1261608749628067	-0.1164001002907753	-0.08734206855297089	-0.019486570730805397	0.0032931959722191095	0.008657503873109818	
-0.23247452080249786	-0.2434626668691635	-0.2522698640823364	-0.2546384930610657	-0.24875755608081818	-0.23977282643318176	-0.2233317494392395	-0.20904326438903809	-0.20530547201633453	-0.206620454788208	-0.20032735168933868	-0.18008649349212646	-0.16044078767299652	-0.15476827323436737	-0.16285645961761475	-0.17430537939071655	-0.17364093661308289	-0.15245836973190308	-0.12694962322711945	-0.11258357018232346	-0.10799279063940048	-0.10738745331764221	-0.1030888706445694	-0.0876549556851387	-0.054622095078229904	-0.006751270033419132	0.012668128125369549	0.02107194997370243	0.0	
-0.24420668184757233	-0.2447916865348816	-0.2390449196100235	-0.2282657027244568	-0.22015364468097687	-0.2120474874973297	-0.19308556616306305	-0.17561562359333038	-0.16922533512115479	-0.16848714649677277	-0.15639914572238922	-0.13580548763275146	-0.12448456883430481	-0.13100533187389374	-0.14757592976093292	-0.15693970024585724	-0.14537698030471802	-0.11885818094015121	-0.09476044028997421	-0.08054357767105103	-0.06934773921966553	-0.05526791885495186	-0.03498110920190811	-0.007021571509540081	0.021521547809243202	0.02770940214395523	0.02494536153972149	0.0	0.0	
-0.23286780714988708	-0.2183639109134674	-0.20155088603496552	-0.18818232417106628	-0.18404029309749603	-0.17663180828094482	-0.1620422601699829	-0.1472664624452591	-0.13621996343135834	-0.12500643730163574	-0.10955438017845154	-0.09809524565935135	-0.09821678698062897	-0.11463819444179535	-0.1298018842935562	-0.12258446216583252	-0.10262127965688705	-0.07849626243114471	-0.055059757083654404	-0.03913237154483795	-0.015459584072232246	0.013932016678154469	0.04985006898641586	0.058910030871629715	0.030152620747685432	0.02755621075630188	0.0	0.0	0.0	
-0.21544110774993896	-0.1930084526538849	-0.17636756598949432	-0.16738876700401306	-0.1591578871011734	-0.1542229950428009	-0.1471303105354309	-0.13717253506183624	-0.12068887799978256	-0.09936011582612991	-0.08109337091445923	-0.07721807807683945	-0.08348727971315384	-0.09176720678806305	-0.09100982546806335	-0.08023080974817276	-0.05785275250673294	-0.03520181030035019	-0.0196711216121912	-0.000285768648609519	0.03245575353503227	0.06340658664703369	0.09681901335716248	0.09847058355808258	0.04305887594819069	0.0	0.0	0.0	0.0	
-0.19160687923431396	-0.16827848553657532	-0.15633569657802582	-0.15214654803276062	-0.14192228019237518	-0.1368691623210907	-0.13381673395633698	-0.1288181096315384	-0.11497543007135391	-0.09480587393045425	-0.0806276947259903	-0.07750838994979858	-0.06926596164703369	-0.055371664464473724	-0.04238123819231987	-0.0335400253534317	-0.02251737378537655	-0.0093917865306139	0.0028677992522716522	0.022176219150424004	0.040812425315380096	0.04658663272857666	0.042887844145298004	0.0	0.0	0.0	0.0	0.0	0.0	
-0.1619817316532135	-0.14425250887870789	-0.13833865523338318	-0.13158801198005676	-0.12335994839668274	-0.12395029515028	-0.11884797364473343	-0.10702106356620789	-0.08646088093519211	-0.07214342057704926	-0.060899168252944946	-0.04761749505996704	-0.03413167968392372	-0.021334083750844002	-0.006828198209404945	0.007787140551954508	0.0017618818674236536	0.002273331396281719	0.000957166135776788	0.004672815557569265	0.012326918542385101	0.01708955131471157	0.0	0.0	0.0	0.0	0.0	0.0	0.0	
-0.13361681997776031	-0.11573323607444763	-0.11755262315273285	-0.12264569103717804	-0.11574499309062958	-0.10216005146503448	-0.08227167278528214	-0.06155223026871681	-0.039258427917957306	-0.02539084479212761	-0.017314206808805466	-0.005630902945995331	0.005694213323295116	0.013071476481854916	0.016829730942845345	0.020502550527453423	0.02432856895029545	0.009108209051191807	0.0039070239290595055	0.004872431512922049	0.0	0.0	0.0	0.0	0.0	0.0	0.0	0.0	0.0	
-0.10838744044303894	-0.09523063153028488	-0.11680220812559128	-0.10626310855150223	-0.07400704175233841	-0.044729117304086685	-0.022188842296600342	-0.006035142578184605	0.0047905342653393745	0.012165063060820103	0.013471881859004498	0.014923086389899254	0.01990041881799698	0.025819171220064163	0.04274565726518631	0.03423204645514488	0.023224888369441032	0.0	0.0	0.0	0.0	0.0	0.0	0.0	0.0	0.0	0.0	0.0	0.0	
-0.07677433639764786	-0.07012287527322769	-0.05319686606526375	-0.014642330817878246	0.012376345694065094	0.029335685074329376	0.03305218368768692	0.03359845653176308	0.034274641424417496	0.032310593873262405	0.02645764872431755	0.028618738055229187	0.029569031670689583	0.020883452147245407	0.030915433540940285	0.0	0.0	0.0	0.0	0.0	0.0	0.0	0.0	0.0	0.0	0.0	0.0	0.0	0.0	
-0.018337292596697807	0.0019898368045687675	0.04107612743973732	0.06933856755495071	0.08452728390693665	0.08197266608476639	0.06263046711683273	0.05108192563056946	0.046465836465358734	0.04396234080195427	0.042019594460725784	0.031226420775055885	0.02936316281557083	0.0	0.0	0.0	0.0	0.0	0.0	0.0	0.0	0.0	0.0	0.0	0.0	0.0	0.0	0.0	0.0	
0.05280091241002083	0.08320698887109756	0.10560404509305954	0.1098916307091713	0.1023721694946289	0.08164409548044205	0.0667920634150505	0.05928471311926842	0.054358165711164474	0.04395841807126999	0.03152818977832794	0.0	0.0	0.0	0.0	0.0	0.0	0.0	0.0	0.0	0.0	0.0	0.0	0.0	0.0	0.0	0.0	0.0	0.0	
0.12070802599191666	0.14522702991962433	0.14281612634658813	0.10539861023426056	0.07019642740488052	0.06048617511987686	0.06503771245479584	0.06020139902830124	0.029343152418732643	0.020129315555095673	0.0	0.0	0.0	0.0	0.0	0.0	0.0	0.0	0.0	0.0	0.0	0.0	0.0	0.0	0.0	0.0	0.0	0.0	0.0	
End_UU
Start_VV
-0.16955822706222534	-0.16625511646270752	-0.18551018834114075	-0.20105090737342834	-0.20019221305847168	-0.1921169012784958	-0.19779732823371887	-0.2028118073940277	-0.19805553555488586	-0.19604215025901794	-0.17522336542606354	-0.15366347134113312	-0.1497166007757187	-0.13224110007286072	-0.09004594385623932	-0.058898717164993286	-0.048409603536129	-0.031630467623472214	-0.015502520836889744	-0.006510712206363678	-0.0027440593112260103	-0.0038287050556391478	-0.00826528761535883	-0.006737497169524431	0.0027610911056399345	0.003299546893686056	-0.004693287890404463	-0.014663999900221825	-0.02509164996445179	
-0.18536534905433655	-0.17592494189739227	-0.18284523487091064	-0.19005535542964935	-0.1868991106748581	-0.18375414609909058	-0.18614143133163452	-0.1837453842163086	-0.17459239065647125	-0.17252783477306366	-0.16350002586841583	-0.1530909687280655	-0.15542618930339813	-0.14403431117534637	-0.11234933882951736	-0.09317482262849808	-0.08822688460350037	-0.07394889742136002	-0.055627431720495224	-0.03520548343658447	-0.016195209696888924	-0.005508204456418753	-0.007491433061659336	-0.00815034843981266	-0.0027409254107624292	-0.006005392875522375	-0.018084609881043434	-0.030087605118751526	-0.036959532648324966	
-0.17863717675209045	-0.17869064211845398	-0.18111172318458557	-0.1807529330253601	-0.17108291387557983	-0.16876980662345886	-0.17217953503131866	-0.16501031816005707	-0.15232251584529877	-0.14456112682819366	-0.13497509062290192	-0.13083747029304504	-0.13407272100448608	-0.12995313107967377	-0.11108721792697906	-0.10496459901332855	-0.1053566038608551	-0.08749564737081528	-0.05682769790291786	-0.025702081620693207	0.0009519229060970247	0.013107378967106342	0.007376510184258223	0.0004054189193993807	-0.0046207173727452755	-0.014230555854737759	-0.02761765941977501	-0.03979957848787308	-0.04352787882089615	
-0.1724974662065506	-0.17340072989463806	-0.1716536283493042	-0.1654079109430313	-0.15816517174243927	-0.15703588724136353	-0.15644729137420654	-0.15313176810741425	-0.14303113520145416	-0.12767285108566284	-0.11178072541952133	-0.10272059589624405	-0.10491671413183212	-0.10634630918502808	-0.09376846998929977	-0.09139838069677353	-0.09390626102685928	-0.07523292303085327	-0.041858572512865067	-0.0109806964173913	0.014128942973911762	0.02178391069173813	0.010218475013971329	-0.002073806943371892	-0.012260585092008114	-0.025540253147482872	-0.0390060618519783	-0.04853806644678116	-0.057522810995578766	
-0.17938676476478577	-0.17356307804584503	-0.16991937160491943	-0.1616191416978836	-0.1565133035182953	-0.15411968529224396	-0.15153618156909943	-0.14797240495681763	-0.1443045437335968	-0.130432590842247	-0.10954950004816055	-0.09635996073484421	-0.09923401474952698	-0.10369566082954407	-0.0924849584698677	-0.08815111964941025	-0.08607404679059982	-0.06823655217885971	-0.041353266686201096	-0.014193657785654068	0.006521064322441816	0.012449800036847591	0.0009415260865353048	-0.013755262829363346	-0.028614303097128868	-0.04583341255784035	-0.05945119634270668	-0.06803716719150543	-0.07581623643636703	
-0.18975983560085297	-0.18945932388305664	-0.1845250427722931	-0.17401021718978882	-0.16650532186031342	-0.16353388130664825	-0.15750126540660858	-0.15105579793453217	-0.14739340543746948	-0.135451078414917	-0.11630547046661377	-0.10240690410137177	-0.10261920094490051	-0.10281216353178024	-0.09478656947612762	-0.08502652496099472	-0.07906143367290497	-0.06916893273591995	-0.05356058478355408	-0.03562541678547859	-0.01856875605881214	-0.010904921218752861	-0.01971404068171978	-0.035686712712049484	-0.05669351667165756	-0.0755033865571022	-0.08377831429243088	-0.08156464993953705	-0.07642501592636108	
-0.20178180932998657	-0.19858504831790924	-0.18879462778568268	-0.18034352362155914	-0.18098337948322296	-0.1834278106689453	-0.17551816999912262	-0.16453278064727783	-0.1507570743560791	-0.13295817375183105	-0.11308053880929947	-0.09889284521341324	-0.10038444399833679	-0.10168597847223282	-0.0893312469124794	-0.08114374428987503	-0.08107355237007141	-0.07951807975769043	-0.07075048238039017	-0.059637513011693954	-0.038612741976976395	-0.02933415398001671	-0.03624682500958443	-0.05701112747192383	-0.08085436373949051	-0.09513697028160095	-0.08981148153543472	-0.07122530043125153	-0.0596054382622242	
-0.20121824741363525	-0.18864142894744873	-0.17905642092227936	-0.18019558489322662	-0.18988178670406342	-0.19725942611694336	-0.1956297606229782	-0.18149766325950623	-0.16424700617790222	-0.14553436636924744	-0.1251555234193802	-0.11159072816371918	-0.10827643424272537	-0.10576143860816956	-0.0942879319190979	-0.09079258143901825	-0.09224558621644974	-0.09052951633930206	-0.0804581344127655	-0.06661533564329147	-0.04412136226892471	-0.029616279527544975	-0.03854798153042793	-0.06402697414159775	-0.09008496254682541	-0.10547176003456116	-0.10957573354244232	-0.05592828243970871	-0.04926346614956856	
-0.1894911229610443	-0.17568135261535645	-0.17034320533275604	-0.17510543763637543	-0.1890053004026413	-0.20142674446105957	-0.20222510397434235	-0.19190648198127747	-0.18100987374782562	-0.16793623566627502	-0.14983852207660675	-0.1326582133769989	-0.11625578999519348	-0.10629609227180481	-0.09746135771274567	-0.09803146123886108	-0.09852548688650131	-0.09078320860862732	-0.07430136948823929	-0.055342547595500946	-0.03665115311741829	-0.028390372171998024	-0.042161647230386734	-0.0710175409913063	-0.10096096247434616	-0.12843361496925354	-0.15742243826389313	-0.09089495241641998	-0.03282877430319786	
-0.18774214386940002	-0.1732977330684662	-0.16262111067771912	-0.16838572919368744	-0.17916491627693176	-0.18812502920627594	-0.18906617164611816	-0.18453358113765717	-0.18569716811180115	-0.1838296502828598	-0.17199364304542542	-0.1520261913537979	-0.12774623930454254	-0.11080106347799301	-0.10471194237470627	-0.10786493122577667	-0.1058487817645073	-0.08812997490167618	-0.0648500919342041	-0.046801429241895676	-0.03355516120791435	-0.031521063297986984	-0.05006789043545723	-0.0869036316871643	-0.13057076930999756	-0.16718675196170807	-0.13584043085575104	-0.09693706780672073	0.0	
-0.18546326458454132	-0.17517399787902832	-0.16184815764427185	-0.16054803133010864	-0.16274026036262512	-0.16353461146354675	-0.16822025179862976	-0.1716119945049286	-0.18034392595291138	-0.18450866639614105	-0.18302784860134125	-0.16615307331085205	-0.14204013347625732	-0.12734973430633545	-0.1270957589149475	-0.12990224361419678	-0.11657983809709549	-0.08950347453355789	-0.060864321887493134	-0.04067414999008179	-0.030006468296051025	-0.025757787749171257	-0.04405510053038597	-0.09110400825738907	-0.14688841998577118	-0.11143217235803604	-0.09747178852558136	0.0	0.0	
-0.18293172121047974	-0.17590349912643433	-0.16335967183113098	-0.15125763416290283	-0.14230561256408691	-0.14656835794448853	-0.1548382192850113	-0.16372530162334442	-0.17566849291324615	-0.184647336602211	-0.18838846683502197	-0.1731320172548294	-0.1546124666929245	-0.14433373510837555	-0.13923902809619904	-0.13528306782245636	-0.11249636858701706	-0.08377722650766373	-0.05459044128656387	-0.0333351269364357	-0.01840299367904663	-0.009230488911271095	-0.029047390446066856	-0.06664136797189713	-0.07579641789197922	-0.08528157323598862	0.0	0.0	0.0	
-0.18762293457984924	-0.18343080580234528	-0.16746219992637634	-0.1511574387550354	-0.1475939154624939	-0.15383954346179962	-0.15866629779338837	-0.1658896952867508	-0.17821121215820312	-0.18388251960277557	-0.18706125020980835	-0.18058447539806366	-0.17874081432819366	-0.1665506660938263	-0.14276422560214996	-0.12144269049167633	-0.09395822882652283	-0.07065284997224808	-0.04175084829330444	-0.02054305374622345	-0.007023903075605631	-0.0038477566558867693	-0.023179786279797554	-0.01973310299217701	-0.026580825448036194	0.0	0.0	0.0	0.0	
-0.1937759667634964	-0.19219061732292175	-0.1786823570728302	-0.16629229485988617	-0.1628682166337967	-0.16357627511024475	-0.16818849742412567	-0.17429468035697937	-0.18296760320663452	-0.18882246315479279	-0.1952357143163681	-0.20348943769931793	-0.19543085992336273	-0.16786620020866394	-0.13434167206287384	-0.10091698169708252	-0.07113820314407349	-0.04564617574214935	-0.019117234274744987	0.007761586923152208	0.024376695975661278	0.010989709757268429	-0.013126486912369728	0.0	0.0	0.0	0.0	0.0	0.0	
-0.20119056105613708	-0.1962294578552246	-0.17626933753490448	-0.15786026418209076	-0.16160888969898224	-0.17662592232227325	-0.1866968423128128	-0.19269374012947083	-0.19827844202518463	-0.20388177037239075	-0.20748861134052277	-0.2128605991601944	-0.19716089963912964	-0.16001904010772705	-0.1253768801689148	-0.09679420292377472	-0.052822742611169815	-0.017559580504894257	0.006245332770049572	0.021489128470420837	0.02502877451479435	0.02070968598127365	0.0	0.0	0.0	0.0	0.0	0.0	0.0	
-0.19310687482357025	-0.17883208394050598	-0.14622339606285095	-0.1524031013250351	-0.1881362497806549	-0.2117394506931305	-0.21044069528579712	-0.20181351900100708	-0.19274652004241943	-0.1941714584827423	-0.19973939657211304	-0.19421268999576569	-0.17265190184116364	-0.13800068199634552	-0.11234632879495621	-0.06856938451528549	-0.024874085560441017	-0.01094809640198946	0.006912853568792343	0.01529681496322155	0.0	0.0	0.0	0.0	0.0	0.0	0.0	0.0	0.0	
-0.17543882131576538	-0.1522090882062912	-0.1512230634689331	-0.19161242246627808	-0.21693958342075348	-0.22617650032043457	-0.21238723397254944	-0.18759696185588837	-0.15944203734397888	-0.1500086486339569	-0.14548198878765106	-0.1466323733329773	-0.12685444951057434	-0.09554438292980194	-0.07955389469861984	-0.04552193731069565	-0.02572380006313324	0.0	0.0	0.0	0.0	0.0	0.0	0.0	0.0	0.0	0.0	0.0	0.0	
-0.19287580251693726	-0.17527587711811066	-0.18250930309295654	-0.20662499964237213	-0.2241247296333313	-0.22388844192028046	-0.19824399054050446	-0.1657360941171646	-0.13657376170158386	-0.11708247661590576	-0.11451106518507004	-0.11361244320869446	-0.07693649083375931	-0.03597700595855713	-0.0411086268723011	0.0	0.0	0.0	0.0	0.0	0.0	0.0	0.0	0.0	0.0	0.0	0.0	0.0	0.0	
-0.21291883289813995	-0.19708426296710968	-0.2074533998966217	-0.22211584448814392	-0.2210509181022644	-0.20830747485160828	-0.1745731383562088	-0.13907551765441895	-0.11019013822078705	-0.0908178761601448	-0.09322186559438705	-0.07531644403934479	-0.05692903697490692	0.0	0.0	0.0	0.0	0.0	0.0	0.0	0.0	0.0	0.0	0.0	0.0	0.0	0.0	0.0	0.0	
-0.20167036354541779	-0.20744073390960693	-0.22029796242713928	-0.22141456604003906	-0.20921413600444794	-0.1921633630990982	-0.16402718424797058	-0.11002430319786072	-0.06716352701187134	-0.0494079627096653	-0.053716886788606644	0.0	0.0	0.0	0.0	0.0	0.0	0.0	0.0	0.0	0.0	0.0	0.0	0.0	0.0	0.0	0.0	0.0	0.0	
-0.13671579957008362	-0.1372484415769577	-0.15546850860118866	-0.17752133309841156	-0.19436371326446533	-0.1892610788345337	-0.16260139644145966	-0.08620040863752365	-0.017076723277568817	-0.010668443515896797	0.0	0.0	0.0	0.0	0.0	0.0	0.0	0.0	0.0	0.0	0.0	0.0	0.0	0.0	0.0	0.0	0.0	0.0	0.0	
End_VV
